#
# Bill Harris's globular cluster catalog with metallicity and photometry 
#  from http://www.physics.mcmaster.ca/~harris/mwgc.dat
#
#                    Part II:  Metallicity and Photometry
#
#Key to columns:
#(1) Cluster identification
#(2) Metallicity [Fe/H]
#(3) Weight of mean metallicity; essentially the number of independent [Fe/H]
#	measurements averaged together.  See bibliography for full description
#(4) Foreground reddening
#(5) V magnitude level of the horizontal branch (or RR Lyraes)
#(6) Apparent visual distance modulus
#(7) Integrated V magnitude of the cluster
#(8) Absolute visual magnitude (cluster luminosity),  M_V,t = V_t - (m-M)V
#(9-12) Integrated color indices (uncorrected for reddening)
#(13) Spectral type of the integrated cluster light
#(14) Projected ellipticity of isophotes, e = 1-(b/a)
#
#
#   ID       [Fe/H] wt  E(B-V) V_HB (m-M)V V_t   M_V,t   U-B   B-V   V-R   V-I  spt   ellip
#
 NGC104     -0.72 10   0.04 14.06 13.37  3.95  -9.42   0.37  0.88  0.53  1.14  G4    0.09
 NGC288     -1.32  3   0.03 15.44 14.84  8.09  -6.75   0.08  0.65  0.45  0.94
 NGC362     -1.26  5   0.05 15.44 14.83  6.40  -8.43   0.16  0.77  0.49  1.01  F9    0.01
 Whiting1   -0.70  1   0.03 18.18 17.49 15.03  -2.46                         
 NGC1261    -1.27  3   0.01 16.70 16.09  8.29  -7.80   0.13  0.72  0.45  0.93  F7    0.07
 Pal        -0.65  2   0.15 16.40 15.70 13.18  -2.52         0.96                    0.22
 AM1        -1.70  2   0.00 21.00 20.45 15.72  -4.73         0.72            
 Eridanus   -1.43  4   0.02 20.42 19.83 14.70  -5.13         0.79            
 Pal2       -1.42  1   1.24 21.60 21.01 13.04  -7.97   1.83  2.08        2.65        0.05
 NGC1851    -1.18  9   0.02 16.09 15.47  7.14  -8.33   0.17  0.76  0.49  1.01  F7    0.05
 NGC1904    -1.60  6   0.01 16.15 15.59  7.73  -7.86   0.06  0.65  0.44  0.91  F5    0.01
 NGC2298    -1.92  5   0.14 16.11 15.60  9.29  -6.31   0.17  0.75  0.54  1.11  F5    0.08
 NGC2419    -2.15  2   0.08 20.31 19.83 10.41  -9.42   0.07  0.66        1.05  F5    0.03
 Pyxis      -1.20  3   0.21 19.25 18.63 12.90  -5.73                         
 NGC2808    -1.14  4   0.22 16.22 15.59  6.20  -9.39   0.28  0.92  0.57  1.18  F7    0.12
 E3         -0.83  1   0.30 16.15 15.47 11.35  -4.12                         
 Pal3       -1.63  5   0.04 20.51 19.95 14.26  -5.69                         
 NGC3201    -1.59  5   0.24 14.76 14.20  6.75  -7.45   0.38  0.96  0.62  1.23  F6    0.12
 Pal4       -1.41  5   0.01 20.80 20.21 14.20  -6.01                         
 NGC4147    -1.80  4   0.02 17.02 16.49 10.32  -6.17   0.11  0.59  0.42  0.79  F2/3  0.08
 NGC4372    -2.17  4   0.39 15.50 15.03  7.24  -7.79   0.31  1.10  0.72  1.50  F5    0.15
 Rup106     -1.68  6   0.20 17.80 17.25 10.90  -6.35                         
 NGC4590    -2.23  5   0.05 15.68 15.21  7.84  -7.37   0.04  0.63  0.46  0.94  F2/3  0.05
 NGC4833    -1.85  4   0.32 15.60 15.08  6.91  -8.17   0.29  0.93  0.63  1.33  F3    0.07
 NGC5024    -2.10  2   0.02 16.81 16.32  7.61  -8.71   0.09  0.64  0.45  0.86  F6    0.01
 NGC5053    -2.27  4   0.01 16.69 16.23  9.47  -6.76   0.03  0.65        0.90        0.21
 NGC5139    -1.53  4   0.12 14.51 13.94  3.68 -10.26   0.19  0.78  0.51  1.05  F5    0.17
 NGC5272    -1.50  7   0.01 15.64 15.07  6.19  -8.88   0.09  0.69        0.93  F6    0.04
 NGC5286    -1.69  4   0.24 16.63 16.08  7.34  -8.74   0.28  0.88  0.58  1.19  F5    0.12
 AM4        -1.30  1   0.05 18.30 17.69 15.88  -1.81                         
 NGC5466    -1.98  3   0.00 16.52 16.02  9.04  -6.98         0.67        0.82        0.11
 NGC5634    -1.88  2   0.05 17.68 17.16  9.47  -7.69   0.09  0.67  0.44  0.96  F3/4  0.02
 NGC5694    -1.98  5   0.09 18.50 18.00 10.17  -7.83   0.08  0.69  0.48  0.98  F4    0.04
 IC4499     -1.53  3   0.23 17.65 17.08  9.76  -7.32   0.45  0.91                    0.08
 NGC5824    -1.91  4   0.13 18.45 17.94  9.09  -8.85   0.12  0.75  0.51  1.05  F4    0.03
 Pal5       -1.41  2   0.03 17.51 16.92 11.75  -5.17                         
 NGC5897    -1.90  3   0.09 16.27 15.76  8.53  -7.23   0.08  0.74  0.50  1.04  F7    0.08
 NGC5904    -1.29 11   0.03 15.07 14.46  5.65  -8.81   0.17  0.72  0.45  0.95  F7    0.14
 NGC5927    -0.49  5   0.45 16.55 15.82  8.01  -7.81   0.85  1.31  0.79  1.63  G2    0.04
 NGC5946    -1.29  4   0.54 17.40 16.79  9.61  -7.18   0.45  1.29  0.77  1.58  F7/8  0.16
 BH176       0.00  1   0.54 18.86 18.06 14.00  -4.06                         
 NGC5986    -1.59  4   0.28 16.52 15.96  7.52  -8.44   0.30  0.90  0.58  1.22  F5    0.06
 Lynga7     -1.01  3   0.73 17.43 16.78 10.18  -6.60                         
 Pal14      -1.62  4   0.04 20.10 19.54 14.74  -4.80                         
 NGC6093    -1.75  6   0.18 16.10 15.56  7.33  -8.23   0.21  0.84  0.56  1.11  F6    0.00
 NGC6121    -1.16 11   0.35 13.45 12.82  5.63  -7.19   0.43  1.03  0.69  1.42  F8    0.00
 NGC6101    -1.98  3   0.05 16.60 16.10  9.16  -6.94   0.06  0.68  0.50        F5    0.05
 NGC6144    -1.76  4   0.36 16.40 15.86  9.01  -6.85   0.35  0.96  0.60  1.10  F5/6  0.25
 NGC6139    -1.65  2   0.75 17.90 17.35  8.99  -8.36   0.73  1.40  0.91  1.86  F6/7  0.05
 Terzan3    -0.74  2   0.73 17.51 16.82 12.00  -4.82                         
 NGC6171    -1.02  4   0.33 15.70 15.05  7.93  -7.12   0.69  1.10  0.72  1.45  G0    0.02
 1636-283   -1.50  1   0.46 16.60 16.02 12.00  -4.02                         
 NGC6205    -1.53 13   0.02 14.90 14.33  5.78  -8.55  -0.02  0.68        0.86  F6    0.11
 NGC6229    -1.47  2   0.01 18.03 17.45  9.39  -8.06  -0.03  0.70        1.01  F7    0.05
 NGC6218    -1.37  5   0.19 14.60 14.01  6.70  -7.31   0.20  0.83  0.56  1.14  F8    0.04
 NGC6235    -1.28  4   0.31 16.87 16.26  9.97  -6.29   0.44  1.05  0.66  1.36  F9    0.13
 NGC6254    -1.56  4   0.28 14.65 14.08  6.60  -7.48   0.23  0.90  0.53  1.21  F3    0.00
 NGC6256    -1.02  2   1.09 19.09 18.44 11.29  -7.15   1.03  1.69            
 Pal15      -2.07  4   0.40 20.00 19.51 14.00  -5.51                         
 NGC6266    -1.18  3   0.47 16.25 15.63  6.45  -9.18   0.52  1.19  0.74  1.58  F9    0.01
 NGC6273    -1.74  4   0.38 16.44 15.90  6.77  -9.13   0.35  1.03  0.66  1.35  F7    0.27
 NGC6284    -1.26  2   0.28 17.40 16.79  8.83  -7.96   0.40  0.99  0.65  1.31  F9    0.03
 NGC6287    -2.10  2   0.60 17.20 16.72  9.35  -7.36   0.52  1.20  0.83  1.74  F5    0.13
 NGC6293    -1.99  5   0.36 16.50 16.00  8.22  -7.78   0.29  0.96  0.63  1.28  F3    0.03
 NGC6304    -0.45  4   0.54 16.25 15.52  8.22  -7.30   0.82  1.31  0.77  1.70  G3    0.02
 NGC6316    -0.45  5   0.54 17.50 16.77  8.43  -8.34   0.62  1.39  0.85  1.80  G2    0.04
 NGC6341    -2.31  8   0.02 15.10 14.65  6.44  -8.21   0.01  0.63        0.88  F2    0.10
 NGC6325    -1.25  4   0.91 17.90 17.29 10.33  -6.96   0.85  1.66        2.15  G0    0.12
 NGC6333    -1.77  2   0.38 16.20 15.67  7.72  -7.95   0.32  0.97  0.63  1.33  F5/6  0.04
 NGC6342    -0.55  5   0.46 16.80 16.08  9.66  -6.42   0.77  1.26  0.80  1.57  G3/4  0.18
 NGC6356    -0.40  5   0.28 17.50 16.76  8.25  -8.51   0.63  1.13  0.69  1.45  G3    0.03
 NGC6355    -1.37  4   0.77 17.80 17.21  9.14  -8.07   0.72  1.48  0.93  1.83  G0
 NGC6352    -0.64  5   0.22 15.13 14.43  7.96  -6.47   0.64  1.06  0.66  1.50  G4    0.07
 IC1257     -1.70  1   0.73 19.80 19.25 13.10  -6.15         1.38        1.83
 Terzan2    -0.69  3   1.87 20.87 20.17 14.29  -5.88                         
 NGC6366    -0.59  3   0.71 15.65 14.94  9.20  -5.74   0.97  1.44                    0.16
 Terzan4    -1.41  4   2.00 21.07 20.48 16.00  -4.48                         
 HP1        -1.00  4   1.12 18.70 18.05 11.59  -6.46                         
 NGC6362    -0.99  4   0.09 15.33 14.68  7.73  -6.95   0.29  0.85  0.56  1.14  G3    0.07
 Liller1    -0.33  4   3.07 24.84 24.09 16.77  -7.32                         
 NGC6380    -0.75  2   1.17 19.50 18.81 11.31  -7.50         2.01            
 Terzan1    -1.03  3   1.99 20.96 20.31 15.90  -4.41                         
 Ton2       -0.70  1   1.24 19.10 18.41 12.24  -6.17                         
 NGC6388    -0.55  6   0.37 16.85 16.13  6.72  -9.41   0.66  1.17  0.71  1.47  G2    0.01
 NGC6402    -1.28  1   0.60 17.30 16.69  7.59  -9.10   0.57  1.25  0.81  1.64  F4    0.11
 NGC6401    -1.02  5   0.72 18.00 17.35  9.45  -7.90   0.93  1.58  1.02  2.01  F9    0.15
 NGC6397    -2.02  7   0.18 12.87 12.37  5.73  -6.64   0.12  0.73  0.49  1.03  F4    0.07
 Pal6       -0.91  3   1.46 19.00 18.34 11.55  -6.79         2.83            
 NGC6426    -2.15  3   0.36 18.16 17.68 11.01  -6.67   0.35  1.02        1.28  G1    0.15
 Djorg1     -1.51  1   1.58 21.15 20.58 13.60  -6.98                         
 Terzan5    -0.23  3   2.28 22.04 21.27 13.85  -7.42   2.13  2.77            
 NGC6440    -0.36  6   1.07 18.70 17.95  9.20  -8.75   1.47  1.97  1.24  2.51  G4    0.01
 NGC6441    -0.46  6   0.47 17.51 16.78  7.15  -9.63   0.81  1.27  0.79  1.62  G2    0.02
 Terzan6    -0.56  2   2.35 22.16 21.44 13.85  -7.59                         
 NGC6453    -1.50  4   0.64 17.88 17.30 10.08  -7.22   0.68  1.31  0.99  2.00  F8    0.09
 UKS1       -0.64  2   3.14 24.90 24.20 17.29  -6.91                         
 NGC6496    -0.46  3   0.15 16.47 15.74  8.54  -7.20   0.45  0.98              G4    0.16
 Terzan9    -1.05  2   1.76 20.35 19.71 16.00  -3.71                         
 Djorg2     -0.65  1   0.94 17.60 16.90  9.90  -7.00                         
 NGC6517    -1.23  4   1.08 19.10 18.48 10.23  -8.25   0.85  1.75        2.31  F8    0.06
 Terzan10   -1.00  1   2.40 21.90 21.25 14.90  -6.35                         
 NGC6522    -1.34  4   0.48 16.52 15.92  8.27  -7.65   0.65  1.21  0.76  1.51  F7/8  0.06
 NGC6535    -1.79  3   0.34 15.75 15.22 10.47  -4.75   0.29  0.94              G0    0.08
 NGC6528    -0.11  7   0.54 16.95 16.17  9.60  -6.57   1.09  1.53  0.90  1.74  G3    0.11
 NGC6539    -0.63  5   1.02 18.33 17.62  9.33  -8.29   1.01  1.83        2.23  G4    0.08
 NGC6540    -1.35  2   0.66 16.25 15.65  9.30  -6.35                         
 NGC6544    -1.40  4   0.76 15.30 14.71  7.77  -6.94   0.73  1.46  0.98  1.92  F9    0.22
 NGC6541    -1.81  4   0.14 15.35 14.82  6.30  -8.52   0.13  0.76  0.49  1.01  F6    0.12
 ESO-SC06   -1.80  1   0.07 17.40 16.87 12.00  -4.87                         
 NGC6553    -0.18  6   0.63 16.60 15.83  8.06  -7.77   1.34  1.73  1.01  2.13  G4    0.17
 2MS-GC02   -1.08  1   5.16 30.10 29.46 24.60  -4.86                         
 NGC6558    -1.32  5   0.44 16.30 15.70  9.26  -6.44   0.58  1.11  0.71  1.46  F7
 IC1276     -0.75  1   1.08 17.70 17.01 10.34  -6.67   1.03  1.76            
 Terzan12   -0.50  1   2.06 20.50 19.77 15.63  -4.14                         
 NGC6569    -0.76  4   0.53 17.52 16.83  8.55  -8.28   0.74  1.34  0.83  1.69  G1    0.00
 BH261      -1.30  1   0.36 15.80 15.19 11.00  -4.19                                 0.03
 NGC6584    -1.50  2   0.10 16.53 15.96  8.27  -7.69   0.17  0.76  0.50  1.04  F6
 NGC6624    -0.44  4   0.28 16.09 15.36  7.87  -7.49   0.60  1.11  0.67  1.42  G4/5  0.06
 NGC6626    -1.32  2   0.40 15.55 14.95  6.79  -8.16   0.46  1.08  0.69  1.41  F8    0.16
 NGC6638    -0.95  4   0.41 16.80 16.14  9.02  -7.12   0.56  1.15  0.72  1.50  G0    0.01
 NGC6637    -0.64  4   0.18 15.98 15.28  7.64  -7.64   0.48  1.01  0.62  1.28  G2/3  0.01
 NGC6642    -1.26  5   0.40 16.40 15.79  9.13  -6.66   0.57  1.11  0.72  1.45  F8    0.03
 NGC6652    -0.81  4   0.09 15.96 15.28  8.62  -6.66   0.37  0.94  0.52  1.08  G3    0.20
 NGC6656    -1.70  8   0.34 14.15 13.60  5.10  -8.50   0.28  0.98  0.68  1.42  F5    0.14
 Pal8       -0.37  3   0.32 17.27 16.53 11.02  -5.51   0.72  1.22            
 NGC6681    -1.62  3   0.07 15.55 14.99  7.87  -7.12   0.12  0.72  0.47  0.99  F5    0.01                     
 NGC6712    -1.02  4   0.45 16.25 15.60  8.10  -7.50   0.53  1.17  0.72  1.57  F9    0.11
 NGC6715    -1.49  7   0.15 18.16 17.58  7.60  -9.98   0.24  0.85  0.53  1.10  F7/8  0.06
 NGC6717    -1.26  3   0.22 15.55 14.94  9.28  -5.66   0.35  1.00  0.65  1.37  F6    0.01
 NGC6723    -1.10  3   0.05 15.48 14.84  7.01  -7.83   0.21  0.75  0.50  1.05  F9    0.00
 NGC6749    -1.60  1   1.50 19.70 19.14 12.44  -6.70   0.80  2.14            
 NGC6752    -1.54  8   0.04 13.70 13.13  5.40  -7.73   0.07  0.66  0.43  0.93  F4/5  0.04
 NGC6760    -0.40  3   0.77 17.46 16.72  8.88  -7.84   1.09  1.66  1.01  2.12  G5    0.04
 NGC6779    -1.98  2   0.26 16.18 15.68  8.27  -7.41   0.15  0.86        1.16  F5    0.03
 Terzan7    -0.32  6   0.07 17.76 17.01 12.00  -5.01                         
 Pal10      -0.10  1   1.66 19.80 19.01 13.22  -5.79                         
 Arp2       -1.75  5   0.10 18.13 17.59 12.30  -5.29         0.86            
 NGC6809    -1.94  4   0.08 14.40 13.89  6.32  -7.57   0.11  0.72  0.48  1.00  F4    0.02
 Terzan8    -2.16  2   0.12 17.95 17.47 12.40  -5.07                         
 Pal11      -0.40  4   0.35 17.46 16.72  9.80  -6.92         1.27            
 NGC6838    -0.78 11   0.25 14.48 13.80  8.19  -5.61   0.63  1.09  0.63  1.36  G1    0.00
 NGC6864    -1.29  3   0.16 17.70 17.09  8.52  -8.57   0.28  0.87  0.55  1.16  F9    0.07
 NGC6934    -1.47  2   0.10 16.86 16.28  8.83  -7.45   0.20  0.77  0.49  0.99  F7/8  0.01
 NGC6981    -1.42  4   0.05 16.90 16.31  9.27  -7.04   0.14  0.72  0.45  0.94  F7    0.02
 NGC7006    -1.52  6   0.05 18.80 18.23 10.56  -7.67   0.06  0.75        0.98  F6    0.01
 NGC7078    -2.37 11   0.10 15.83 15.39  6.20  -9.19   0.06  0.68        0.85  F3/4  0.05
 NGC7089    -1.65  5   0.06 16.05 15.50  6.47  -9.03   0.09  0.66  0.46  0.92  F4    0.11
 NGC7099    -2.27  4   0.03 15.10 14.64  7.19  -7.45   0.03  0.60  0.41  0.86  F3    0.01
 Pal12      -0.85  6   0.02 17.13 16.46 11.99  -4.47   0.34  1.07            
 Pal13      -1.88  2   0.05 17.75 17.23 13.47  -3.76  -0.11  0.76            
 NGC7492    -1.78  5   0.00 17.63 17.10 11.29  -5.81   0.23  0.42                    0.24
